1383928560
1383932160
1383935760
1383939360
1383942960
1383946560
1383950160
1383953760
1383957360
1383960960
1383964560
1383968160
1383971760
1383975360
1383978960
1383982560
1383986160
1383989760
1383993360
1383996960
1384000560
1384004160
1384007760
1384011360
1384014960
1384018560
1384022160
1384025760
1384029360
1384032960
1384036560
1384040160
1384043760
1384047360
1384050960
1384054560
1384058160
1384061760
1384065360
1384068960
1384072560
1384076160
1384079760
1384083360
1384086960
1384090560
1384094160
1384097760
1384101360
1384104960
1384108560
1384112160
1384115760
1384119360
1384122960
1384126560
1384130160
1384133760
1384137360
1384140960
1384144560
1384148160
1384151760
1384155360
1384158960
1384162560
1384166160
1384169760
1384173360
1384176960
1384180560
1384184160
1384187760
1384191360
1384194960
1384198560
1384202160
1384205760
1384209360
1384212960
1384216560
1384220160
1384223760
1384227360
1384230960
1384234560
1384238160
1384241760
1384245360
1384248960
1384252560
1384256160
1384259760
1384263360
1384266960
1384270560
1384274160
1384277760
1384281360
1384284960
1384288560
1384292160
1384295760
1384299360
1384302960
1384306560
1384310160
1384313760
1384317360
1384320960
1384324560
1384328160
1384331760
1384335360
1384338960
1384342560
1384346160
1384349760
1384353360
1384356960
1384360560
1384364160
1384367760
1384371360
1384374960
1384378560
1384382160
1384385760
1384389360
1384392960
1384396560
1384400160
1384403760
1384407360
1384410960
1384414560
1384418160
1384421760
1384425360
1384428960
1384432560
1384436160
1384439760
1384443360
1384446960
1384450560
1384454160
1384457760
1384461360
1384464960
1384468560
1384472160
1384475760
1384479360
1384482960
1384486560
1384490160
1384493760
1384497360
1384500960
1384504560
1384508160
1384511760
1384515360
1384518960
1384522560
1384526160
1384529760
1384533360
1384536960
1384540560
1384544160
1384547760
